Track FEA result file.
Powered by Duan Xiaoxu.
2017/05/31 21:57:05

Nodes's vertical displacement:
node number   vertical displacement
1         NaN
2         NaN
3         NaN
4         NaN
5         NaN

Global M matrix:
matrix [[D@4554617c:
rows: 10  columns: 10
26.0000 3666.6667 128.5714 -2166.6667 0.0000 0.0000 0.0000 0.0000 0.0000 0.0000 
3666.6667 666666.6667 2166.6667 -500000.0000 0.0000 0.0000 0.0000 0.0000 0.0000 0.0000 
128.5714 2166.6667 52.0000 0.0000 128.5714 -2166.6667 0.0000 0.0000 0.0000 0.0000 
-2166.6667 -500000.0000 0.0000 1333333.3333 2166.6667 -500000.0000 0.0000 0.0000 0.0000 0.0000 
0.0000 0.0000 128.5714 2166.6667 52.0000 0.0000 128.5714 -2166.6667 0.0000 0.0000 
0.0000 0.0000 -2166.6667 -500000.0000 0.0000 1333333.3333 2166.6667 -500000.0000 0.0000 0.0000 
0.0000 0.0000 0.0000 0.0000 128.5714 2166.6667 52.0000 0.0000 128.5714 -2166.6667 
0.0000 0.0000 0.0000 0.0000 -2166.6667 -500000.0000 0.0000 1333333.3333 2166.6667 -500000.0000 
0.0000 0.0000 0.0000 0.0000 0.0000 0.0000 128.5714 2166.6667 26.0000 -3666.6667 
0.0000 0.0000 0.0000 0.0000 0.0000 0.0000 -2166.6667 -500000.0000 -3666.6667 666666.6667 


Global C matrix:
matrix [[D@74a14482:
rows: 10  columns: 10
18.5714 2619.0476 6.4286 -1547.6190 0.0000 0.0000 0.0000 0.0000 0.0000 0.0000 
3666.6667 476190.4762 1547.6190 -357142.8571 0.0000 0.0000 0.0000 0.0000 0.0000 0.0000 
128.5714 2166.6667 37.1429 0.0000 6.4286 -1547.6190 0.0000 0.0000 0.0000 0.0000 
-2166.6667 -500000.0000 0.0000 952380.9524 1547.6190 -357142.8571 0.0000 0.0000 0.0000 0.0000 
0.0000 0.0000 128.5714 2166.6667 37.1429 0.0000 6.4286 -1547.6190 0.0000 0.0000 
0.0000 0.0000 -2166.6667 -500000.0000 0.0000 952380.9524 1547.6190 -357142.8571 0.0000 0.0000 
0.0000 0.0000 0.0000 0.0000 128.5714 2166.6667 37.1429 0.0000 6.4286 -1547.6190 
0.0000 0.0000 0.0000 0.0000 -2166.6667 -500000.0000 0.0000 952380.9524 1547.6190 -357142.8571 
0.0000 0.0000 0.0000 0.0000 0.0000 0.0000 128.5714 2166.6667 18.5714 -2619.0476 
0.0000 0.0000 0.0000 0.0000 0.0000 0.0000 -2166.6667 -500000.0000 -3666.6667 476190.4762 


Global K matrix:
matrix [[D@232204a1:
rows: 10  columns: 10
Infinity 41074380.9514 -79857.4286 40256047.6180 0.0000 0.0000 0.0000 0.0000 0.0000 0.0000 
NaN Infinity -40256047.6180 13449857142.5231 0.0000 0.0000 0.0000 0.0000 0.0000 0.0000 
NaN NaN 169534.8571 -0.0000 -79857.4286 40256047.6180 0.0000 0.0000 0.0000 0.0000 
NaN NaN 0.0000 54267047617.7116 -40256047.6180 13449857142.5231 0.0000 0.0000 0.0000 0.0000 
NaN NaN 0.0000 0.0000 169597.0265 -31066.2816 -79857.4286 40256047.6180 0.0000 0.0000 
NaN NaN 0.0000 0.0000 0.0000 54267685760.6440 -40256702.8231 13450187430.7027 0.0000 0.0000 
NaN NaN 0.0000 0.0000 0.0000 0.0000 169597.0218 -31060.9345 -79857.4286 40256047.6180 
NaN NaN 0.0000 0.0000 0.0000 0.0000 0.0000 54267685672.0637 -40256702.7863 13450187412.1915 
NaN NaN 0.0000 0.0000 0.0000 -0.0000 0.0000 0.0000 Infinity -41105441.8858 
NaN NaN 0.0000 0.0000 0.0000 0.0000 0.0000 -0.0000 NaN Infinity 


Global Q matrix:
matrix [[D@4aa298b7:
rows: 10  columns: 1
NaN 
NaN 
NaN 
NaN 
NaN 
NaN 
NaN 
NaN 
NaN 
NaN 

