Track FEA result file.
Powered by Duan Xiaoxu.
2017/05/31 21:47:02

Nodes's vertical displacement:
node number   vertical displacement
1         NaN
2         NaN
3         NaN
4         NaN
5         NaN

Global M matrix:
matrix [[D@4554617c:
rows: 10  columns: 10
26.000000000000004 3666.6666666666674 128.57142857142858 -2166.666666666667 0.0 0.0 0.0 0.0 0.0 0.0 
3666.6666666666674 666666.6666666666 2166.666666666667 -500000.0 0.0 0.0 0.0 0.0 0.0 0.0 
128.57142857142858 2166.666666666667 52.00000000000001 0.0 128.57142857142858 -2166.666666666667 0.0 0.0 0.0 0.0 
-2166.666666666667 -500000.0 0.0 1333333.3333333333 2166.666666666667 -500000.0 0.0 0.0 0.0 0.0 
0.0 0.0 128.57142857142858 2166.666666666667 52.00000000000001 0.0 128.57142857142858 -2166.666666666667 0.0 0.0 
0.0 0.0 -2166.666666666667 -500000.0 0.0 1333333.3333333333 2166.666666666667 -500000.0 0.0 0.0 
0.0 0.0 0.0 0.0 128.57142857142858 2166.666666666667 52.00000000000001 0.0 128.57142857142858 -2166.666666666667 
0.0 0.0 0.0 0.0 -2166.666666666667 -500000.0 0.0 1333333.3333333333 2166.666666666667 -500000.0 
0.0 0.0 0.0 0.0 0.0 0.0 128.57142857142858 2166.666666666667 26.000000000000004 -3666.6666666666674 
0.0 0.0 0.0 0.0 0.0 0.0 -2166.666666666667 -500000.0 -3666.6666666666674 666666.6666666666 


Global C matrix:
matrix [[D@74a14482:
rows: 10  columns: 10
18.571428571428573 2619.0476190476193 6.428571428571429 -1547.6190476190477 0.0 0.0 0.0 0.0 0.0 0.0 
3666.6666666666674 476190.4761904762 1547.6190476190477 -357142.85714285716 0.0 0.0 0.0 0.0 0.0 0.0 
128.57142857142858 2166.666666666667 37.142857142857146 0.0 6.428571428571429 -1547.6190476190477 0.0 0.0 0.0 0.0 
-2166.666666666667 -500000.0 0.0 952380.9523809524 1547.6190476190477 -357142.85714285716 0.0 0.0 0.0 0.0 
0.0 0.0 128.57142857142858 2166.666666666667 37.142857142857146 0.0 6.428571428571429 -1547.6190476190477 0.0 0.0 
0.0 0.0 -2166.666666666667 -500000.0 0.0 952380.9523809524 1547.6190476190477 -357142.85714285716 0.0 0.0 
0.0 0.0 0.0 0.0 128.57142857142858 2166.666666666667 37.142857142857146 0.0 6.428571428571429 -1547.6190476190477 
0.0 0.0 0.0 0.0 -2166.666666666667 -500000.0 0.0 952380.9523809524 1547.6190476190477 -357142.85714285716 
0.0 0.0 0.0 0.0 0.0 0.0 128.57142857142858 2166.666666666667 18.571428571428573 -2619.0476190476193 
0.0 0.0 0.0 0.0 0.0 0.0 -2166.666666666667 -500000.0 -3666.6666666666674 476190.4761904762 


Global K matrix:
matrix [[D@232204a1:
rows: 10  columns: 10
Infinity 4.107438095137894E7 -79857.42856942458 4.025604761804561E7 0.0 0.0 0.0 0.0 0.0 0.0 
NaN Infinity -4.025604761804562E7 1.3449857142523144E10 0.0 0.0 0.0 0.0 0.0 0.0 
NaN NaN 169534.85713884915 -1.4901161193847656E-8 -79857.42856942458 4.025604761804561E7 0.0 0.0 0.0 0.0 
NaN NaN 0.0 5.426704761771162E10 -4.025604761804562E7 1.3449857142523144E10 0.0 0.0 0.0 0.0 
NaN NaN 0.0 0.0 169597.0264827396 -31066.28164786929 -79857.42856942458 4.025604761804561E7 0.0 0.0 
NaN NaN 0.0 0.0 0.0 5.426768576064401E10 -4.025670282307115E7 1.3450187430702715E10 0.0 0.0 
NaN NaN 0.0 0.0 0.0 0.0 169597.0217604839 -31060.934544646996 -79857.42856942458 4.025604761804561E7 
NaN NaN 0.0 0.0 0.0 5.820766091346741E-11 0.0 5.426768567206367E10 -4.025670278634969E7 1.3450187412191463E10 
NaN NaN 0.0 0.0 0.0 -2.3492291815019825E-18 0.0 0.0 Infinity -4.110544188576894E7 
NaN NaN 0.0 0.0 0.0 5.367269266399113E-16 0.0 -5.820766091346741E-11 NaN Infinity 


Global Q matrix:
matrix [[D@4aa298b7:
rows: 10  columns: 1
NaN 
NaN 
NaN 
NaN 
NaN 
NaN 
NaN 
NaN 
NaN 
NaN 

