Track FEA result file.
Powered by Duan Xiaoxu.
2017/06/01 23:07:24

Nodes's vertical displacement:
node number   vertical displacement
1         0.0000
2         0.0220
3         0.0672
4         0.0702
5         0.0000

Global M matrix:
matrix [[D@28d93b30:
rows: 10  columns: 10
26.0000 3666.6667 128.5714 -2166.6667 0.0000 0.0000 0.0000 0.0000 0.0000 0.0000 
3666.6667 666666.6667 2166.6667 -500000.0000 0.0000 0.0000 0.0000 0.0000 0.0000 0.0000 
128.5714 2166.6667 52.0000 0.0000 128.5714 -2166.6667 0.0000 0.0000 0.0000 0.0000 
-2166.6667 -500000.0000 0.0000 1333333.3333 2166.6667 -500000.0000 0.0000 0.0000 0.0000 0.0000 
0.0000 0.0000 128.5714 2166.6667 52.0000 0.0000 128.5714 -2166.6667 0.0000 0.0000 
0.0000 0.0000 -2166.6667 -500000.0000 0.0000 1333333.3333 2166.6667 -500000.0000 0.0000 0.0000 
0.0000 0.0000 0.0000 0.0000 128.5714 2166.6667 52.0000 0.0000 128.5714 -2166.6667 
0.0000 0.0000 0.0000 0.0000 -2166.6667 -500000.0000 0.0000 1333333.3333 2166.6667 -500000.0000 
0.0000 0.0000 0.0000 0.0000 0.0000 0.0000 128.5714 2166.6667 26.0000 -3666.6667 
0.0000 0.0000 0.0000 0.0000 0.0000 0.0000 -2166.6667 -500000.0000 -3666.6667 666666.6667 


Global C matrix:
matrix [[D@1b6d3586:
rows: 10  columns: 10
18.5714 2619.0476 6.4286 -1547.6190 0.0000 0.0000 0.0000 0.0000 0.0000 0.0000 
2619.0476 476190.4762 1547.6190 -357142.8571 0.0000 0.0000 0.0000 0.0000 0.0000 0.0000 
6.4286 1547.6190 37.1429 0.0000 6.4286 -1547.6190 0.0000 0.0000 0.0000 0.0000 
-1547.6190 -357142.8571 0.0000 952380.9524 1547.6190 -357142.8571 0.0000 0.0000 0.0000 0.0000 
0.0000 0.0000 6.4286 1547.6190 37.1429 0.0000 6.4286 -1547.6190 0.0000 0.0000 
0.0000 0.0000 -1547.6190 -357142.8571 0.0000 952380.9524 1547.6190 -357142.8571 0.0000 0.0000 
0.0000 0.0000 0.0000 0.0000 6.4286 1547.6190 37.1429 0.0000 6.4286 -1547.6190 
0.0000 0.0000 0.0000 0.0000 -1547.6190 -357142.8571 0.0000 952380.9524 1547.6190 -357142.8571 
0.0000 0.0000 0.0000 0.0000 0.0000 0.0000 6.4286 1547.6190 18.5714 -2619.0476 
0.0000 0.0000 0.0000 0.0000 0.0000 0.0000 -1547.6190 -357142.8571 -2619.0476 476190.4762 


Global K matrix:
matrix [[D@4554617c:
rows: 10  columns: 10
86807.4286 42094380.9524 -81897.4286 41276047.6190 0.0000 0.0000 0.0000 0.0000 0.0000 0.0000 
42094380.9524 27813523809.5238 -41276047.6190 13789857142.8571 0.0000 0.0000 0.0000 0.0000 0.0000 0.0000 
-81897.4286 -41276047.6190 173614.8571 0.0000 -81897.4286 41276047.6190 0.0000 0.0000 0.0000 0.0000 
41276047.6190 13789857142.8571 0.0000 55627047619.0476 -41276047.6190 13789857142.8571 0.0000 0.0000 0.0000 0.0000 
0.0000 0.0000 -81897.4286 -41276047.6190 173614.8571 0.0000 -81897.4286 41276047.6190 0.0000 0.0000 
0.0000 0.0000 41276047.6190 13789857142.8571 0.0000 55627047619.0476 -41276047.6190 13789857142.8571 0.0000 0.0000 
0.0000 0.0000 0.0000 0.0000 -81897.4286 -41276047.6190 173614.8571 0.0000 -81897.4286 41276047.6190 
0.0000 0.0000 0.0000 0.0000 41276047.6190 13789857142.8571 0.0000 55627047619.0476 -41276047.6190 13789857142.8571 
0.0000 0.0000 0.0000 0.0000 0.0000 0.0000 -81897.4286 -41276047.6190 86807.4286 -42094380.9524 
0.0000 0.0000 0.0000 0.0000 0.0000 0.0000 41276047.6190 13789857142.8571 -42094380.9524 27813523809.5238 


Global Q matrix:
matrix [[D@74a14482:
rows: 10  columns: 1
0.0000 
0.0000 
0.0000 
0.0000 
0.0000 
0.0000 
5000.0000 
0.0000 
0.0000 
0.0000 

