Track FEA result file.
Powered by Duan Xiaoxu.
2017/06/03 15:24:45

Nodes's vertical displacement:
node number   vertical displacement
1         0.0000
2         0.0437
3         0.1079
4         0.0630
5         0.0000

Global M matrix:
matrix [[D@28d93b30:
rows: 10  columns: 10
26.0000 3666.6667 128.5714 -2166.6667 0.0000 0.0000 0.0000 0.0000 0.0000 0.0000 
3666.6667 666666.6667 2166.6667 -500000.0000 0.0000 0.0000 0.0000 0.0000 0.0000 0.0000 
128.5714 2166.6667 52.0000 0.0000 128.5714 -2166.6667 0.0000 0.0000 0.0000 0.0000 
-2166.6667 -500000.0000 0.0000 1333333.3333 2166.6667 -500000.0000 0.0000 0.0000 0.0000 0.0000 
0.0000 0.0000 128.5714 2166.6667 52.0000 0.0000 128.5714 -2166.6667 0.0000 0.0000 
0.0000 0.0000 -2166.6667 -500000.0000 0.0000 1333333.3333 2166.6667 -500000.0000 0.0000 0.0000 
0.0000 0.0000 0.0000 0.0000 128.5714 2166.6667 52.0000 0.0000 128.5714 -2166.6667 
0.0000 0.0000 0.0000 0.0000 -2166.6667 -500000.0000 0.0000 1333333.3333 2166.6667 -500000.0000 
0.0000 0.0000 0.0000 0.0000 0.0000 0.0000 128.5714 2166.6667 26.0000 -3666.6667 
0.0000 0.0000 0.0000 0.0000 0.0000 0.0000 -2166.6667 -500000.0000 -3666.6667 666666.6667 


Global C matrix:
matrix [[D@1b6d3586:
rows: 10  columns: 10
18.5714 2619.0476 6.4286 -1547.6190 0.0000 0.0000 0.0000 0.0000 0.0000 0.0000 
2619.0476 476190.4762 1547.6190 -357142.8571 0.0000 0.0000 0.0000 0.0000 0.0000 0.0000 
6.4286 1547.6190 37.1429 0.0000 6.4286 -1547.6190 0.0000 0.0000 0.0000 0.0000 
-1547.6190 -357142.8571 0.0000 952380.9524 1547.6190 -357142.8571 0.0000 0.0000 0.0000 0.0000 
0.0000 0.0000 6.4286 1547.6190 37.1429 0.0000 6.4286 -1547.6190 0.0000 0.0000 
0.0000 0.0000 -1547.6190 -357142.8571 0.0000 952380.9524 1547.6190 -357142.8571 0.0000 0.0000 
0.0000 0.0000 0.0000 0.0000 6.4286 1547.6190 37.1429 0.0000 6.4286 -1547.6190 
0.0000 0.0000 0.0000 0.0000 -1547.6190 -357142.8571 0.0000 952380.9524 1547.6190 -357142.8571 
0.0000 0.0000 0.0000 0.0000 0.0000 0.0000 6.4286 1547.6190 18.5714 -2619.0476 
0.0000 0.0000 0.0000 0.0000 0.0000 0.0000 -1547.6190 -357142.8571 -2619.0476 476190.4762 


Global K matrix:
matrix [[D@4554617c:
rows: 10  columns: 10
84767.4286 41074380.9514 -79857.4286 40256047.6180 0.0000 0.0000 0.0000 0.0000 0.0000 0.0000 
41074380.9514 27133523808.8558 -40256047.6180 13449857142.5231 0.0000 0.0000 0.0000 0.0000 0.0000 0.0000 
-79857.4286 -40256047.6180 169534.8571 -0.0000 -79857.4286 40256047.6180 0.0000 0.0000 0.0000 0.0000 
40256047.6180 13449857142.5231 -0.0000 54267047617.7116 -40256047.6180 13449857142.5231 0.0000 0.0000 0.0000 0.0000 
0.0000 0.0000 -79857.4286 -40256047.6180 169534.8571 -0.0000 -79857.4286 40256047.6180 0.0000 0.0000 
0.0000 0.0000 40256047.6180 13449857142.5231 -0.0000 54267047617.7116 -40256047.6180 13449857142.5231 0.0000 0.0000 
0.0000 0.0000 0.0000 0.0000 -79857.4286 -40256047.6180 169534.8571 -0.0000 -79857.4286 40256047.6180 
0.0000 0.0000 0.0000 0.0000 40256047.6180 13449857142.5231 -0.0000 54267047617.7116 -40256047.6180 13449857142.5231 
0.0000 0.0000 0.0000 0.0000 0.0000 0.0000 -79857.4286 -40256047.6180 84767.4286 -41074380.9514 
0.0000 0.0000 0.0000 0.0000 0.0000 0.0000 40256047.6180 13449857142.5231 -41074380.9514 27133523808.8558 


Global Q matrix:
matrix [[D@74a14482:
rows: 10  columns: 1
0.0000 
0.0000 
0.0000 
0.0000 
3136.0000 
588000.0000 
864.0000 
-252000.0000 
0.0000 
0.0000 

